0.497456 0.0
0.497403 0.0024405
0.497401 0.00488538
0.497402 0.00733082
0.497407 0.00977993
0.49741 0.0122324
0.497427 0.0146903
0.497429 0.017134
0.497445 0.0195835
0.497459 0.0220377
0.49746 0.0244935
0.497481 0.0269591
0.497494 0.0294228
0.49751 0.031896
0.497538 0.0343618
0.497564 0.0368372
0.497588 0.0393066
0.497613 0.0417852
0.497633 0.0442705
0.49766 0.0467596
0.497686 0.0492616
0.497713 0.0517645
0.497745 0.0542717
0.497704 0.056778
0.497829 0.0593014
0.497871 0.0618324
0.497889 0.0643697
0.497933 0.0669055
0.497982 0.0694561
0.497989 0.0720606
0.498076 0.0745819
0.49812 0.0771506
0.498168 0.0797317
0.498218 0.0823231
0.498267 0.0849199
0.498287 0.0874994
0.498368 0.0901588
0.498423 0.0927947
0.498488 0.0954472
0.498546 0.0981033
0.498609 0.100771
0.498731 0.103448
0.498749 0.106139
0.498817 0.108845
0.498883 0.111575
0.498953 0.114322
0.499032 0.117081
0.499118 0.119823
0.499197 0.122605
0.499277 0.125404
0.499357 0.128212
0.499437 0.131048
0.499523 0.133901
0.499609 0.136772
0.499709 0.139663
0.499795 0.14258
0.499902 0.145504
0.500007 0.14845
0.500121 0.151412
0.500195 0.154422
0.500306 0.157443
0.500398 0.160505
0.500531 0.163562
0.500651 0.166651
0.500775 0.16977
0.500892 0.172915
0.501014 0.176086
0.501143 0.179295
0.501266 0.182527
0.501394 0.185791
0.50177 0.189223
0.501695 0.192443
0.501837 0.195804
0.501987 0.199208
0.502133 0.202643
0.502284 0.206122
0.502442 0.209639
0.502599 0.213204
0.502776 0.216805
0.502951 0.22045
0.503124 0.224139
0.503302 0.227875
0.503481 0.231662
0.503669 0.235503
0.503863 0.239396
0.504059 0.243347
0.504264 0.247359
0.504465 0.251419
0.504699 0.255544
0.504917 0.259734
0.505128 0.263997
0.505371 0.268318
0.505599 0.272726
0.505614 0.277418
0.506129 0.281742
0.506391 0.286376
0.506659 0.2911
0.506933 0.295907
0.507216 0.300804
0.507562 0.305994
0.507802 0.310925
0.508108 0.316138
0.508435 0.321473
0.508766 0.326922
0.509114 0.332483
0.509404 0.33817
0.509819 0.344011
0.510197 0.35
0.510578 0.356131
0.510977 0.362433
0.511404 0.368896
0.511843 0.375538
0.512293 0.382369
0.51276 0.389396
0.513236 0.396633
0.513736 0.404111
0.514246 0.411816
0.514783 0.419794
0.515352 0.428033
0.51593 0.436559
0.516565 0.445402
0.517201 0.454561
0.517811 0.46408
0.51857 0.473996
0.519293 0.484313
0.520046 0.495097
0.520878 0.506333
0.521734 0.518092
0.522635 0.530417
0.523579 0.543344
0.524575 0.556948
0.525632 0.571286
0.526742 0.586408
0.527937 0.60243
0.52922 0.619419
0.530578 0.637473
0.532037 0.656705
0.533602 0.677264
0.535271 0.699313
0.537082 0.723042
0.539042 0.748651
0.541173 0.776421
0.543516 0.806635
0.546091 0.839657
0.548915 0.875935
0.552048 0.916001
0.555523 0.960548
0.559426 1.01044
0.563819 1.06667
0.568841 1.13066
0.574642 1.2042
0.581414 1.28964
0.589379 1.39023
0.598927 1.51053
0.610535 1.65715
0.625061 1.84
0.643677 2.0746
0.668483 2.38704
0.703319 2.82415
0.755638 3.48004
0.84298 4.57525
1.01868 6.77729
1.55452 13.4931
-40.1828 -509.6
-0.508418 -12.3603
-0.0118868 -6.13601
0.156454 -4.02485
0.241172 -2.96139
0.292292 -2.32011
0.326547 -1.89083
0.351029 -1.58306
0.369496 -1.35138
0.383912 -1.17043
0.395468 -1.02507
0.404944 -0.905621
0.412855 -0.805577
0.419601 -0.720442
0.425409 -0.647066
0.430475 -0.583077
0.434939 -0.526754
0.438908 -0.47669
0.442452 -0.43188
0.445632 -0.391479
0.44849 -0.354828
0.451128 -0.32134
0.453538 -0.290633
0.455009 -0.262436
0.457915 -0.236121
0.459811 -0.211759
0.461583 -0.189023
0.463274 -0.167767
0.464835 -0.147781
0.466312 -0.12893
0.467711 -0.111115
0.469043 -0.0942279
0.470309 -0.0782037
0.471523 -0.0629082
0.47268 -0.0483232
0.473744 -0.0344316
0.474826 -0.0209993
0.475842 -0.00812507
0.476831 0.00426924
0.477774 0.0162161
0.478702 0.0277593
0.479601 0.0389302
0.480472 0.0497601
0.481319 0.0602652
0.482139 0.0704796
0.482944 0.0804362
0.48374 0.0901409
0.484506 0.0996281
0.48527 0.108892
0.486019 0.117967
0.486754 0.126858
0.487484 0.13558
0.488155 0.144125
0.48889 0.152581
0.489595 0.160888
0.490266 0.169079
0.490967 0.17715
0.491656 0.185131
0.492389 0.192998
0.493013 0.200813
0.493679 0.208533
0.494351 0.216198
0.495021 0.223804
0.495689 0.231349
0.496377 0.238656
0.497029 0.246307
0.497694 0.253733
0.49838 0.261136
0.49903 0.268505
0.499682 0.275855
0.501168 0.283702
0.501167 0.290634
0.501844 0.297972
0.502537 0.305324
0.503241 0.312684
0.503963 0.32007
0.504678 0.327462
0.505412 0.33489
0.506149 0.342353
0.506896 0.34985
0.507648 0.357379
0.508425 0.364965
0.5092 0.372601
0.509997 0.380301
0.510785 0.388035
0.511612 0.395876
0.512447 0.403776
0.513231 0.411737
0.514165 0.419828
0.515051 0.427986
0.51593 0.436252
0.516876 0.444605
0.517813 0.453066
0.518771 0.461666
0.519754 0.470381
0.520761 0.479233
0.521793 0.488217
0.52285 0.497364
0.52393 0.506663
0.525045 0.516174
0.526175 0.525783
0.527349 0.535623
0.528562 0.545663
0.529789 0.555913
0.531071 0.566392
0.532388 0.577108
0.533742 0.588067
0.535152 0.599303
0.536592 0.610796
0.538089 0.622605
0.539636 0.634728
0.541236 0.647187
0.54289 0.660002
0.544611 0.673195
0.546392 0.686802
0.548249 0.70083
0.550124 0.715243
0.552174 0.730293
0.55427 0.745806
0.556439 0.761863
0.558723 0.778527
0.561106 0.795835
0.563571 0.813824
0.566217 0.83257
0.568954 0.852092
0.571835 0.872499
0.574865 0.893836
0.578052 0.91618
0.581425 0.939676
0.584975 0.964282
0.588738 0.990241
0.592746 1.01765
0.596978 1.04659
0.601492 1.07728
0.606392 1.10994
0.611494 1.14461
0.617042 1.18166
0.623013 1.22134
0.629453 1.26395
0.636426 1.30987
0.643991 1.35948
0.652234 1.41335
0.66126 1.47206
0.671184 1.53635
0.682125 1.60708
0.694287 1.68535
0.707863 1.77248
0.723145 1.87017
0.740415 1.98042
0.760174 2.1061
0.782973 2.25067
0.809585 2.41892
0.840988 2.61727
0.878721 2.85485
0.92485 3.14479
0.982596 3.50688
1.0569 3.97211
1.15614 4.59267
1.29543 5.46263
1.50522 6.77142
1.85714 8.96539
2.56999 13.4069
4.78442 27.1982
-80.3745 -503.064
-3.43155 -23.9553
-1.52967 -12.11
-0.874545 -8.02799
-0.542871 -5.95967
-0.342433 -4.70891
-0.208221 -3.87033
-0.112044 -3.26858
-0.0397185 -2.81542
0.0166575 -2.46147
0.0618573 -2.17721
0.0989031 -1.94369
0.129824 -1.74828
0.156049 -1.5822
0.178563 -1.43918
0.198105 -1.31462
0.215224 -1.20512
0.230373 -1.10794
0.243871 -1.02102
0.255958 -0.942802
0.26684 -0.871974
0.276738 -0.807432
0.285728 -0.748348
0.292507 -0.694138
0.301621 -0.643788
0.308593 -0.5972
0.315061 -0.55383
0.321073 -0.513313
0.326669 -0.475343
0.331948 -0.439706
0.336818 -0.405989
0.341435 -0.374171
0.345766 -0.344054
0.349869 -0.315386
0.35375 -0.28811
0.357329 -0.262195
0.360882 -0.237223
0.364199 -0.213371
0.367353 -0.190482
0.370353 -0.168463
0.37324 -0.147261
0.37599 -0.126785
0.378635 -0.106993
0.38117 -0.0878276
0.383612 -0.0692525
0.385963 -0.0512076
0.388229 -0.0336402
0.390436 -0.0165794
0.392556 6.16014e-05
0.394605 0.0163076
0.396609 0.0322368
0.39855 0.0478046
0.400365 0.0629958
0.402268 0.0780009
0.404052 0.0926939
0.405779 0.107133
0.407499 0.121345
0.409161 0.135355
0.410795 0.149176
0.412389 0.162817
0.41396 0.1763
0.415501 0.189635
0.417023 0.202844
0.418517 0.215931
0.420006 0.22889
0.421446 0.241794
0.422886 0.254609
0.424318 0.267365
0.425714 0.280027
0.427116 0.292664
0.428504 0.30526
0.429886 0.317831
0.43126 0.330371
0.432629 0.342919
0.433987 0.355465
0.435352 0.368022
0.436715 0.380604
0.438083 0.393209
0.439452 0.40586
0.440824 0.418551
0.442196 0.431295
0.443597 0.444147
0.444977 0.457008
0.446391 0.469995
0.447776 0.483049
0.449214 0.496244
0.450655 0.50954
0.452094 0.522942
0.453596 0.536515
0.455091 0.550213
0.456608 0.564076
0.458153 0.578112
0.459712 0.592318
0.461725 0.606238
0.462961 0.621314
0.464625 0.636143
0.46632 0.651186
0.468069 0.666492
0.469842 0.682052
0.471768 0.698115
0.473552 0.714044
0.475473 0.730473
0.477453 0.747238
0.479486 0.764349
0.481587 0.781812
0.483748 0.799671
0.485981 0.817946
0.48829 0.836648
0.490676 0.855803
0.493144 0.875459
0.49571 0.895618
0.498372 0.916326
0.501133 0.937609
0.504002 0.959472
0.507 0.982068
0.510123 1.00532
0.512977 1.02875
0.51684 1.05414
0.520391 1.07975
0.524118 1.10626
0.528049 1.13373
0.532176 1.16223
0.536519 1.19184
0.541101 1.22264
0.54593 1.25469
0.551038 1.28811
0.556438 1.32302
0.56218 1.35953
0.568258 1.39783
0.574751 1.43785
0.581656 1.48002
0.589067 1.52445
0.596925 1.57123
0.605398 1.62073
0.614501 1.6732
0.624311 1.72892
0.634914 1.78824
0.646395 1.85159
0.65887 1.91944
0.672482 1.99232
0.687362 2.07088
0.703701 2.15589
0.721714 2.24826
0.741668 2.34905
0.763863 2.45957
0.788688 2.58135
0.816611 2.71669
0.848278 2.86774
0.884323 3.03761
0.925858 3.23052
0.974091 3.45165
1.03077 3.70808
1.09812 4.00931
1.17951 4.36894
1.27966 4.80644
1.40569 5.35115
1.56887 6.04933
1.78809 6.9785
2.09746 8.27925
2.56611 10.2351
3.35755 13.5178
4.97533 20.1952
10.103 41.2879
-119.761 -491.985
-8.25642 -34.0335
-4.17726 -17.242
-2.7535 -11.3536
-2.03091 -8.34271
-1.59522 -6.50813
-1.30495 -5.26847
-1.09856 -4.37096
-0.945025 -3.688
-0.826987 -3.14812
-0.734023 -2.70824
-0.659462 -2.34074
-0.598869 -2.02709
-0.549158 -1.7544
-0.508168 -1.51346
-0.47431 -1.29698
-0.446439 -1.10018
-0.423639 -0.918722
-0.405197 -0.749156
-0.390726 -0.589027
-0.379835 -0.435954
-0.372202 -0.28792
-0.367691 -0.143165
-0.366208 0.0
-0.367698 0.143163
-0.372201 0.287934
-0.379817 0.435956
-0.390721 0.589043
-0.405195 0.749172
-0.423581 0.918623
-0.446411 1.10011
-0.474299 1.29702
-0.508178 1.51329
-0.549147 1.75439
-0.598851 2.02709
-0.659443 2.34075
-0.734013 2.70825
-0.82696 3.14813
-0.944975 3.68796
-1.09852 4.37098
-1.30491 5.26848
-1.59517 6.50814
-2.03085 8.3427
-2.75341 11.3536
-4.17712 17.2421
-8.25613 34.0336
-119.757 491.986
10.1026 -41.2879
4.97516 -20.1953
3.35742 -13.5178
2.56604 -10.2351
2.09738 -8.27925
1.78798 -6.97857
1.56882 -6.04933
1.40563 -5.35108
1.27962 -4.80644
1.17948 -4.36895
1.09808 -4.00932
1.0307 -3.70801
0.974058 -3.45164
0.925829 -3.23051
0.884313 -3.03761
0.848225 -2.86763
0.81659 -2.71666
0.788652 -2.58171
0.763834 -2.45961
0.741645 -2.34906
0.721693 -2.24826
0.703681 -2.1559
0.687343 -2.07089
0.672452 -1.9923
0.658851 -1.91944
0.646375 -1.85159
0.634895 -1.78824
0.624298 -1.72891
0.614482 -1.67319
0.605381 -1.62073
0.596916 -1.57121
0.588994 -1.52426
0.581644 -1.48002
0.57473 -1.43787
0.568268 -1.3977
0.562161 -1.35953
0.556421 -1.32302
0.551008 -1.28813
0.545915 -1.25469
0.541078 -1.22262
0.536505 -1.19184
0.532159 -1.16223
0.528031 -1.13373
0.524112 -1.10624
0.520366 -1.07973
0.516793 -1.05411
0.51352 -1.02955
0.510134 -1.00534
0.507004 -0.982085
0.504002 -0.959553
0.50113 -0.937638
0.498372 -0.916335
0.495704 -0.895627
0.493136 -0.87547
0.490668 -0.855812
0.488279 -0.836645
0.485973 -0.81795
0.483742 -0.79968
0.481578 -0.781821
0.47948 -0.76434
0.477442 -0.747236
0.47546 -0.73047
0.473538 -0.714035
0.47161 -0.697801
0.469846 -0.682086
0.468063 -0.66653
0.466303 -0.651268
0.464616 -0.636157
0.462943 -0.621338
0.461068 -0.606992
0.459729 -0.592311
0.458149 -0.578099
0.45661 -0.564074
0.455087 -0.55022
0.453595 -0.536519
0.452159 -0.522969
0.450655 -0.509543
0.449217 -0.496252
0.447793 -0.483071
0.446377 -0.469985
0.444979 -0.457022
0.443568 -0.444007
0.442195 -0.431304
0.440821 -0.418545
0.439448 -0.405857
0.438076 -0.393212
0.436712 -0.380602
0.435346 -0.368018
0.433984 -0.355464
0.432625 -0.342923
0.431253 -0.330379
0.429888 -0.317828
0.428499 -0.305259
0.427113 -0.292665
0.425712 -0.280029
0.424286 -0.267309
0.422885 -0.254621
0.421447 -0.241823
0.419976 -0.229233
0.418515 -0.215914
0.417019 -0.202835
0.415479 -0.189651
0.413959 -0.176296
0.412384 -0.162807
0.410792 -0.149174
0.40916 -0.135357
0.407496 -0.12135
0.405789 -0.10713
0.404048 -0.0926892
0.402262 -0.0780002
0.400431 -0.0630417
0.398546 -0.047794
0.396608 -0.0322349
0.394618 -0.0163451
0.392553 -9.88245e-05
0.390432 0.0165848
0.388227 0.0336409
0.385961 0.0512016
0.383609 0.069252
0.381165 0.0878295
0.378633 0.106993
0.37599 0.126783
0.373239 0.147248
0.370361 0.168461
0.367352 0.190481
0.364196 0.213364
0.360887 0.237205
0.357413 0.262073
0.353737 0.288121
0.349862 0.315375
0.345757 0.343883
0.341428 0.374186
0.336809 0.405997
0.331875 0.439603
0.32666 0.475349
0.321061 0.51333
0.315045 0.553838
0.308569 0.597201
0.301566 0.643779
0.294722 0.693939
0.285787 0.74835
0.276766 0.80743
0.266879 0.871958
0.255973 0.942818
0.243888 1.02103
0.230426 1.10782
0.215249 1.20502
0.198124 1.31463
0.17858 1.43918
0.156063 1.58219
0.129845 1.74827
0.098919 1.9437
0.0618773 2.17721
0.0166844 2.46147
-0.0396897 2.81537
-0.112012 3.26859
-0.208187 3.87035
-0.342393 4.70891
-0.542808 5.95966
-0.8745 8.02804
-1.52956 12.11
-3.43134 23.9554
-80.3701 503.065
4.78418 -27.1982
2.56988 -13.4069
1.85704 -8.96543
1.50516 -6.7714
1.29538 -5.46263
1.15611 -4.59267
1.05686 -3.97211
0.98256 -3.50682
0.92484 -3.14479
0.878696 -2.85485
0.840961 -2.61727
0.809505 -2.41886
0.782937 -2.25066
0.760151 -2.1061
0.740401 -1.98045
0.723107 -1.87008
0.707846 -1.77248
0.694269 -1.68535
0.682102 -1.60709
0.671167 -1.53634
0.661242 -1.47206
0.652219 -1.41335
0.643977 -1.35948
0.636407 -1.30984
0.629443 -1.26394
0.622996 -1.22133
0.617026 -1.18166
0.611476 -1.14459
0.60628 -1.10984
0.601485 -1.07728
0.596972 -1.04659
0.592706 -1.01748
0.588728 -0.990242
0.584965 -0.964279
0.581437 -0.939527
0.578038 -0.916179
0.57485 -0.893831
0.571822 -0.872494
0.568942 -0.852089
0.566199 -0.832553
0.563621 -0.813811
0.56109 -0.795824
0.558705 -0.77852
0.556428 -0.761843
0.554237 -0.745771
0.552123 -0.730225
0.550639 -0.716075
0.54827 -0.700861
0.546406 -0.686831
0.544615 -0.673216
0.542887 -0.660029
0.541236 -0.647197
0.539629 -0.634735
0.538086 -0.622612
0.536589 -0.610804
0.535144 -0.5993
0.533745 -0.588066
0.532382 -0.577111
0.531062 -0.566398
0.529785 -0.555918
0.528523 -0.54565
0.527341 -0.535621
0.526161 -0.525776
0.524928 -0.515843
0.523928 -0.506684
0.522846 -0.497377
0.521768 -0.488282
0.520754 -0.479239
0.519746 -0.470386
0.518767 -0.461666
0.51781 -0.453073
0.516865 -0.444603
0.515948 -0.436245
0.515042 -0.427989
0.514152 -0.419836
0.513296 -0.411757
0.512434 -0.403779
0.511605 -0.395876
0.510798 -0.388053
0.509984 -0.380284
0.509197 -0.372602
0.508415 -0.364967
0.507636 -0.357395
0.506886 -0.349849
0.506135 -0.342352
0.505399 -0.334888
0.504665 -0.327459
0.503939 -0.320057
0.503224 -0.312676
0.502512 -0.305314
0.501806 -0.297962
0.501108 -0.290605
0.500356 -0.283205
0.499743 -0.275898
0.499063 -0.268535
0.498369 -0.261104
0.497709 -0.25375
0.497037 -0.246327
0.496347 -0.239018
0.495695 -0.231348
0.495021 -0.223804
0.494354 -0.2162
0.49368 -0.208537
0.493016 -0.200812
0.492321 -0.193008
0.491652 -0.185134
0.490966 -0.177162
0.490277 -0.16908
0.489577 -0.160887
0.488884 -0.152581
0.488214 -0.14419
0.487475 -0.135575
0.486755 -0.126861
0.486017 -0.117973
0.485261 -0.108925
0.484504 -0.0996305
0.48373 -0.0901421
0.482941 -0.0804396
0.482137 -0.070487
0.481314 -0.0602667
0.480472 -0.0497597
0.479596 -0.0389339
0.478695 -0.0277733
0.477769 -0.0162222
0.476804 -0.00426245
0.475838 0.00811863
0.474824 0.0209775
0.473805 0.0343221
0.472667 0.0483277
0.471511 0.0629064
0.470285 0.0780252
0.46903 0.0942344
0.467695 0.11112
0.466294 0.128932
0.464814 0.147778
0.463244 0.167772
0.461562 0.189045
0.459756 0.211768
0.4578 0.236114
0.45718 0.26207
0.45364 0.290619
0.451183 0.321332
0.448545 0.35479
0.44566 0.39148
0.442476 0.431877
0.43893 0.476684
0.434947 0.52665
0.430496 0.583077
0.425426 0.647063
0.419617 0.72044
0.412879 0.805563
0.404957 0.905618
0.395486 1.02508
0.383927 1.17043
0.369521 1.35131
0.351052 1.58306
0.3265 1.89086
0.292323 2.32011
0.241226 2.96136
0.156483 4.02488
-0.0118257 6.13603
-0.508304 12.3603
-40.1783 509.6
1.5544 -13.4931
1.01862 -6.77732
0.842947 -4.57525
0.755594 -3.48002
0.703293 -2.82415
0.668542 -2.38702
0.643663 -2.07461
0.625036 -1.83994
0.610541 -1.65715
0.598912 -1.51054
0.589374 -1.39023
0.581362 -1.28961
0.574625 -1.20419
0.568833 -1.13066
0.563808 -1.06666
0.559414 -1.01034
0.555515 -0.960552
0.552037 -0.916008
0.548907 -0.875936
0.546082 -0.83966
0.543506 -0.806631
0.54117 -0.776418
0.539034 -0.748652
0.537074 -0.723022
0.535267 -0.699318
0.533578 -0.67726
0.532029 -0.656704
0.53057 -0.63747
0.529129 -0.619328
0.527938 -0.602432
0.526738 -0.586408
0.525608 -0.571111
0.524572 -0.556955
0.523575 -0.543353
0.52263 -0.530419
0.521729 -0.518096
0.52087 -0.506334
0.520052 -0.49509
0.519286 -0.484315
0.518557 -0.473983
0.517877 -0.46408
0.517195 -0.45456
0.516561 -0.445403
0.515947 -0.436569
0.515349 -0.42803
0.514786 -0.419787
0.514241 -0.411818
0.513724 -0.404076
0.51323 -0.396634
0.512751 -0.389399
0.512288 -0.382371
0.511837 -0.375538
0.511398 -0.368895
0.510977 -0.362435
0.510573 -0.356133
0.510187 -0.34999
0.509818 -0.344016
0.509466 -0.338195
0.5091 -0.332482
0.508755 -0.326916
0.508409 -0.321455
0.508101 -0.316139
0.50779 -0.31092
0.507451 -0.305662
0.50721 -0.300817
0.506922 -0.295921
0.506647 -0.291109
0.506372 -0.286389
0.5061 -0.281761
0.506334 -0.276785
0.505611 -0.272713
0.505371 -0.268303
0.505153 -0.263982
0.504912 -0.259727
0.504691 -0.255541
0.504526 -0.251444
0.50426 -0.247351
0.504057 -0.24335
0.503859 -0.239395
0.503661 -0.235481
0.503479 -0.231661
0.503296 -0.227875
0.503117 -0.224137
0.502943 -0.220448
0.502764 -0.216803
0.502595 -0.213201
0.502431 -0.209635
0.502269 -0.206113
0.502127 -0.202628
0.501954 -0.199187
0.501814 -0.195791
0.501659 -0.192419
0.500962 -0.188697
0.501434 -0.185821
0.501281 -0.182542
0.501135 -0.17925
0.501019 -0.176095
0.500891 -0.172921
0.500777 -0.169775
0.500653 -0.166654
0.500531 -0.163567
0.500413 -0.160492
0.500305 -0.157446
0.500194 -0.154421
0.500067 -0.151426
0.499996 -0.148453
0.499895 -0.145507
0.499803 -0.142584
0.499697 -0.139661
0.499608 -0.136776
0.499517 -0.133904
0.499427 -0.131039
0.49935 -0.128216
0.499267 -0.125406
0.499189 -0.122607
0.499111 -0.119829
0.499021 -0.117082
0.498948 -0.114311
0.498873 -0.111577
0.498804 -0.108844
0.498736 -0.106139
0.498644 -0.103448
0.498605 -0.100773
0.498541 -0.0981045
0.498464 -0.0954394
0.498415 -0.0927993
0.498357 -0.0901625
0.498355 -0.0876184
0.49825 -0.0849168
0.498201 -0.0823197
0.498148 -0.0797307
0.498096 -0.0771494
0.498048 -0.0745809
0.498039 -0.0719597
0.49795 -0.0694485
0.497894 -0.0668955
0.497844 -0.064353
0.497785 -0.0618076
0.497663 -0.0592632
0.499691 -0.057251
0.497881 -0.054306
0.497789 -0.0517883
0.497732 -0.0492764
0.49769 -0.0467601
0.497661 -0.0442827
0.497633 -0.0417929
0.497606 -0.0393143
0.497582 -0.0368394
0.497552 -0.0343673
0.497526 -0.0318899
0.497502 -0.0294287
0.497483 -0.0269603
0.497472 -0.0244993
0.497442 -0.0220425
0.497449 -0.0195878
0.497431 -0.0171389
0.497363 -0.0146502
0.497419 -0.0122365
0.497411 -0.00978538
0.497388 -0.0073043
0.497403 -0.00489199
0.497404 -0.00245018
